NUMTEXTURES 7
TGA ../gfx/floor.tga	0
TGA ../gfx/wall.tga	1
TGA ../gfx/paul.tga	2
TGA ../gfx/rock.tga	3
TGA ../gfx/sky.tga	4
TGA ../gfx/skyTOP.tga	5
TGA ../gfx/babe.tga	6
SKYTEXTURES 4 5
NUMTERRAINS 0
NUMQUADS 43
TEXTURE 6
-10.000000 +17.000000 +24.000000 +0.000000 +0.000000
+9.000000 +17.000000 +24.000000 +1.000000 +0.000000
+9.000000 +0.000000 +24.000000 +1.000000 +1.000000
-10.000000 +0.000000 +24.000000 +0.000000 +1.000000
TEXTURE 3
-10.000000 +17.000000 +22.000000 +0.000000 +0.000000
+9.000000 +17.000000 +22.000000 +1.000000 +0.000000
+9.000000 +17.000000 +24.000000 +1.000000 +1.000000
-10.000000 +17.000000 +24.000000 +0.000000 +1.000000
TEXTURE 1
+9.000000 +17.000000 +12.000000 +0.000000 +0.000000
+9.000000 +0.000000 +12.000000 +1.000000 +0.000000
+9.000000 +0.000000 +24.000000 +1.000000 +1.000000
+9.000000 +17.000000 +24.000000 +0.000000 +1.000000
TEXTURE 1
-10.000000 +17.000000 +24.000000 +0.000000 +0.000000
-10.000000 +0.000000 +24.000000 +1.000000 +0.000000
-10.000000 +0.000000 +12.000000 +1.000000 +1.000000
-10.000000 +17.000000 +12.000000 +0.000000 +1.000000
TEXTURE 2
-10.000000 +11.000001 +11.803847 +0.000000 +0.000000
+9.000000 +11.000001 +11.803847 +1.000000 +0.000000
+9.000000 +17.000000 +22.196153 +1.000000 +1.000000
-10.000000 +17.000000 +22.196153 +0.000000 +1.000000
TEXTURE 0
+1.000000 +0.000000 +24.000000 +0.000000 +0.000000
+9.000000 +0.000000 +24.000000 +1.000000 +0.000000
+9.000000 +0.000000 +12.000000 +1.000000 +1.000000
+1.000000 +0.000000 +12.000000 +0.000000 +1.000000
TEXTURE 0
-10.000000 +0.000000 +24.000000 +0.000000 +0.000000
-2.000000 +0.000000 +24.000000 +1.000000 +0.000000
-2.000000 +0.000000 +12.000000 +1.000000 +1.000000
-10.000000 +0.000000 +12.000000 +0.000000 +1.000000
TEXTURE 1
-2.000000 +6.000000 +12.000000 +0.000000 +0.000000
+1.000000 +6.000000 +12.000000 +1.000000 +0.000000
+1.000000 +11.000000 +12.000000 +1.000000 +1.000000
-2.000000 +11.000000 +12.000000 +0.000000 +1.000000
TEXTURE 1
+1.000000 +0.000000 +12.000000 +0.000000 +0.000000
+9.000000 +0.000000 +12.000000 +1.000000 +0.000000
+9.000000 +11.000000 +12.000000 +1.000000 +1.000000
+1.000000 +11.000000 +12.000000 +0.000000 +1.000000
TEXTURE 1
-10.000000 +0.000000 +12.000000 +0.000000 +0.000000
-2.000000 +0.000000 +12.000000 +1.000000 +0.000000
-2.000000 +11.000000 +12.000000 +1.000000 +1.000000
-10.000000 +11.000000 +12.000000 +0.000000 +1.000000
TEXTURE 1
+1.000000 +0.000000 +12.000000 +0.000000 +0.000000
+9.000000 +0.000000 +12.000000 +1.000000 +0.000000
+9.000000 +11.000000 +12.000000 +1.000000 +1.000000
+1.000000 +11.000000 +12.000000 +0.000000 +1.000000
TEXTURE 3
-2.000000 +0.000000 +24.000000 +0.000000 +0.000000
+1.000000 +0.000000 +24.000000 +1.000000 +0.000000
+1.000000 +0.000000 +9.000000 +1.000000 +1.000000
-2.000000 +0.000000 +9.000000 +0.000000 +1.000000
TEXTURE 0
+1.000000 +6.000000 +9.000000 +0.000000 +0.000000
+1.000000 +0.000000 +9.000000 +1.000000 +0.000000
+1.000000 +0.000000 +12.000000 +1.000000 +1.000000
+1.000000 +6.000000 +12.000000 +0.000000 +1.000000
TEXTURE 0
-2.000000 +6.000000 +12.000000 +0.000000 +0.000000
-2.000000 +0.000000 +12.000000 +1.000000 +0.000000
-2.000000 +0.000000 +9.000000 +1.000000 +1.000000
-2.000000 +6.000000 +9.000000 +0.000000 +1.000000
TEXTURE 0
-3.000000 +6.000000 +9.000000 +0.000000 +0.000000
+2.000000 +6.000000 +9.000000 +1.000000 +0.000000
+2.000000 +6.000000 +12.000000 +1.000000 +1.000000
-3.000000 +6.000000 +12.000000 +0.000000 +1.000000
TEXTURE 0
-2.000000 +11.000000 +9.000000 +0.000000 +0.000000
+1.000000 +11.000000 +9.000000 +1.000000 +0.000000
+1.000000 +6.000000 +9.000000 +1.000000 +1.000000
-2.000000 +6.000000 +9.000000 +0.000000 +1.000000
TEXTURE 0
+1.000000 +11.000000 +9.000000 +0.000000 +0.000000
+3.000000 +11.000000 +9.000000 +1.000000 +0.000000
+3.000000 +0.000000 +9.000000 +1.000000 +1.000000
+1.000000 +0.000000 +9.000000 +0.000000 +1.000000
TEXTURE 0
-4.000000 +11.000000 +9.000000 +0.000000 +0.000000
-2.000000 +11.000000 +9.000000 +1.000000 +0.000000
-2.000000 +0.000000 +9.000000 +1.000000 +1.000000
-4.000000 +0.000000 +9.000000 +0.000000 +1.000000
TEXTURE 5
-6.000000 +30.000000 -4.000000 +0.000000 +0.000000
+5.000000 +30.000000 -4.000000 +1.000000 +0.000000
+5.000000 +30.000000 +5.000000 +1.000000 +1.000000
-6.000000 +30.000000 +5.000000 +0.000000 +1.000000
TEXTURE 0
-0.146445 +30.330127 -5.510403 +0.000000 +0.000000
-6.510406 +30.330127 +0.853552 +1.000000 +0.000000
-10.045944 +21.669872 -2.681965 +1.000000 +1.000000
-3.681971 +21.669872 -9.045939 +0.000000 +1.000000
TEXTURE 0
-0.853557 +30.330127 +6.510411 +0.000000 +0.000000
+5.510411 +30.330127 +0.146448 +1.000000 +0.000000
+9.045944 +21.669872 +3.681972 +1.000000 +1.000000
+2.681973 +21.669872 +10.045946 +0.000000 +1.000000
TEXTURE 0
-4.499999 +30.330127 -3.999998 +0.000000 +0.000000
-4.500000 +30.330127 +5.000001 +1.000000 +0.000000
-9.499999 +21.669872 +5.000002 +1.000000 +1.000000
-9.499994 +21.669872 -4.000006 +0.000000 +1.000000
TEXTURE 0
+3.499997 +30.330127 +5.000005 +0.000000 +0.000000
+3.500001 +30.330127 -4.000002 +1.000000 +0.000000
+8.499996 +21.669872 -4.000001 +1.000000 +1.000000
+8.499995 +21.669872 +5.000009 +0.000000 +1.000000
TEXTURE 0
-5.000000 +30.330127 +4.500000 +0.000000 +0.000000
+4.000000 +30.330127 +4.500000 +1.000000 +0.000000
+4.000000 +21.669872 +9.499999 +1.000000 +1.000000
-5.000000 +21.669872 +9.499999 +0.000000 +1.000000
TEXTURE 0
+4.000000 +30.330127 -3.500002 +0.000000 +0.000000
-5.000002 +30.330127 -3.500001 +1.000000 +0.000000
-5.000003 +21.669872 -8.499996 +1.000000 +1.000000
+4.000000 +21.669872 -8.499998 +0.000000 +1.000000
TEXTURE 0
+5.510405 +30.330127 +0.853566 +0.000000 +0.000000
-0.853558 +30.330127 -5.510402 +1.000000 +0.000000
+2.681965 +21.669872 -9.045936 +1.000000 +1.000000
+9.045945 +21.669872 -2.681953 +0.000000 +1.000000
TEXTURE 0
-6.510403 +30.330127 +0.146449 +0.000000 +0.000000
-0.146441 +30.330127 +6.510417 +1.000000 +0.000000
-3.681958 +21.669872 +10.045949 +1.000000 +1.000000
-10.045941 +21.669872 +3.681979 +0.000000 +1.000000
TEXTURE 1
-3.328448 +11.000000 -8.692374 +0.000000 +0.000000
-9.692384 +11.000000 -2.328433 +1.000000 +0.000000
-9.692384 +0.000000 -2.328433 +1.000000 +1.000000
-3.328448 +0.000000 -8.692374 +0.000000 +1.000000
TEXTURE 1
-9.000008 +11.000000 -3.999977 +0.000000 +0.000000
-9.000001 +11.000000 +5.000003 +1.000000 +0.000000
-9.000001 +0.000000 +5.000003 +1.000000 +1.000000
-9.000008 +0.000000 -3.999977 +0.000000 +1.000000
TEXTURE 1
-9.692382 +11.000000 +3.328445 +0.000000 +0.000000
-3.328429 +11.000000 +9.692389 +1.000000 +0.000000
-3.328429 +0.000000 +9.692389 +1.000000 +1.000000
-9.692382 +0.000000 +3.328445 +0.000000 +1.000000
TEXTURE 1
+8.692380 +0.000000 +3.328448 +0.000000 +0.000000
+2.328442 +0.000000 +9.692388 +1.000000 +0.000000
+2.328442 +11.000000 +9.692388 +1.000000 +1.000000
+8.692380 +11.000000 +3.328448 +0.000000 +1.000000
TEXTURE 1
+7.999997 +0.000000 -3.999992 +0.000000 +0.000000
+8.000006 +0.000000 +4.999990 +1.000000 +0.000000
+8.000006 +11.000000 +4.999990 +1.000000 +1.000000
+7.999997 +11.000000 -3.999992 +0.000000 +1.000000
TEXTURE 1
+2.328424 +0.000000 -8.692385 +0.000000 +0.000000
+8.692383 +0.000000 -2.328438 +1.000000 +0.000000
+8.692383 +11.000000 -2.328438 +1.000000 +1.000000
+2.328424 +11.000000 -8.692385 +0.000000 +1.000000
TEXTURE 1
-5.000000 +0.000000 -8.000000 +0.000000 +0.000000
+4.000000 +0.000000 -8.000000 +1.000000 +0.000000
+4.000000 +11.000000 -8.000000 +1.000000 +1.000000
-5.000000 +11.000000 -8.000000 +0.000000 +1.000000
TEXTURE 3
+8.000001 +0.000000 +9.000006 +0.000000 +0.000000
+7.999995 +0.000000 -8.000000 +1.000000 +0.000000
-9.000000 +0.000000 -7.999993 +1.000000 +1.000000
-8.999998 +0.000000 +9.000001 +0.000000 +1.000000
TEXTURE 1
+8.692380 +11.000000 +3.328448 +0.000000 +0.000000
+2.328442 +11.000000 +9.692388 +1.000000 +0.000000
+2.328442 +22.000000 +9.692388 +1.000000 +1.000000
+8.692380 +22.000000 +3.328448 +0.000000 +1.000000
TEXTURE 1
-3.328448 +22.000000 -8.692374 +0.000000 +0.000000
-9.692384 +22.000000 -2.328433 +1.000000 +0.000000
-9.692384 +11.000000 -2.328433 +1.000000 +1.000000
-3.328448 +11.000000 -8.692374 +0.000000 +1.000000
TEXTURE 1
-5.000000 +11.000000 -8.000000 +0.000000 +0.000000
+4.000000 +11.000000 -8.000000 +1.000000 +0.000000
+4.000000 +22.000000 -8.000000 +1.000000 +1.000000
-5.000000 +22.000000 -8.000000 +0.000000 +1.000000
TEXTURE 1
-5.000000 +22.000000 +9.000000 +0.000000 +0.000000
+4.000000 +22.000000 +9.000000 +1.000000 +0.000000
+4.000000 +11.000000 +9.000000 +1.000000 +1.000000
-5.000000 +11.000000 +9.000000 +0.000000 +1.000000
TEXTURE 1
+2.328424 +11.000000 -8.692385 +0.000000 +0.000000
+8.692383 +11.000000 -2.328438 +1.000000 +0.000000
+8.692383 +22.000000 -2.328438 +1.000000 +1.000000
+2.328424 +22.000000 -8.692385 +0.000000 +1.000000
TEXTURE 1
-9.692382 +22.000000 +3.328445 +0.000000 +0.000000
-3.328429 +22.000000 +9.692389 +1.000000 +0.000000
-3.328429 +11.000000 +9.692389 +1.000000 +1.000000
-9.692382 +11.000000 +3.328445 +0.000000 +1.000000
TEXTURE 1
+7.999997 +11.000000 -3.999992 +0.000000 +0.000000
+8.000006 +11.000000 +4.999990 +1.000000 +0.000000
+8.000006 +22.000000 +4.999990 +1.000000 +1.000000
+7.999997 +22.000000 -3.999992 +0.000000 +1.000000
TEXTURE 1
-9.000008 +22.000000 -3.999977 +0.000000 +0.000000
-9.000001 +22.000000 +5.000003 +1.000000 +0.000000
-9.000001 +11.000000 +5.000003 +1.000000 +1.000000
-9.000008 +11.000000 -3.999977 +0.000000 +1.000000
