NUMTEXTURES 7
TGA ../gfx/floor.tga	0
TGA ../gfx/wall.tga	1
TGA ../gfx/paul.tga	2
TGA ../gfx/rock.tga	3
TGA ../gfx/sky.tga	4
TGA ../gfx/skyTOP.tga	5
TGA ../gfx/babe.tga	6
SKYTEXTURES 4 5
NUMTERRAINS 0
NUMQUADS 6
TEXTURE 6
-0.500000 +1.800000 -3.900000 +0.000000 +1.000000
-0.500000 +0.450000 -3.900000 +0.000000 +0.000000
+0.500000 +0.450000 -3.900000 +1.000000 +0.000000
+0.500000 +1.800000 -3.900000 +1.000000 +1.000000
TEXTURE 1
+4.000000 +2.000000 -4.000000 +2.000000 +1.000000
+4.000000 +0.000000 -4.000000 +2.000000 +0.000000
+4.000000 +0.000000 +4.000000 -2.000000 +0.000000
+4.000000 +2.000000 +4.000000 -2.000000 +1.000000
TEXTURE 1
-4.000000 +2.000000 +4.000000 +2.000000 +1.000000
-4.000000 +0.000000 +4.000000 +2.000000 +0.000000
-4.000000 +0.000000 -4.000000 -2.000000 +0.000000
-4.000000 +2.000000 -4.000000 -2.000000 +1.000000
TEXTURE 1
-4.000000 +2.000000 -4.000000 +2.000000 +1.000000
-4.000000 +0.000000 -4.000000 +2.000000 +0.000000
+4.000000 +0.000000 -4.000000 -2.000000 +0.000000
+4.000000 +2.000000 -4.000000 -2.000000 +1.000000
TEXTURE 1
+4.000000 +2.000000 +4.000000 +2.000000 +1.000000
+4.000000 +0.000000 +4.000000 +2.000000 +0.000000
-4.000000 +0.000000 +4.000000 -2.000000 +0.000000
-4.000000 +2.000000 +4.000000 -2.000000 +1.000000
TEXTURE 2
+4.000000 -0.000000 +4.000000 +0.000000 +1.000000
+4.000000 -0.000000 -4.000000 +0.000000 +0.000000
-4.000000 -0.000000 -4.000000 +1.000000 +0.000000
-4.000000 -0.000000 +4.000000 +1.000000 +1.000000
